!  Source          RA     (J2000)   Dec        Unc Grade Vlsr Vspan   Freq      S    ...              Parallax RA Peaks     RA/Dec  Arm   D
!                                             (mas)                           (Jy)                   mm  dd       mm  dd     ratio      (kpc)

G291.274-0.709   11 11 53.35    -61 18 23.7   300.0 B  -30.7  -9.9     6.7    10.7  -9.9 -9.9 ?   0   6   6       12   5      0.97  CrN  2.9
 J1131-5818.A    11 31 43.28800 -58 18 53.4434 0.21 N                                                                                grade-B ring
 J1112-5703.A    11 12 07.26954 -57 03 39.7491 0.26 N
 J1032-5917.B    10 32 42.52510 -59 17 57.0020 0.47 N
 J1047-6217.A    10 47 42.95228 -62 17 14.6340 0.25 N
 J1123-6417.A    11 23 19.41510 -64 17 36.1999 1.06 N

G299.772-0.005   12 23 48.97    -62 42 25.3   300.0 B   -6.7  -9.9     6.7    12.3  -9.9 -9.9 ?   0   6  28       12  27      1.01  ...  7.8
 J1254-6111.A    12 54 46.57758 -61 11 34.9698 2.67 N                                                                                grade-A ring
 J1229-6003.A    12 29 26.89365 -60 03 37.0211 2.34 N
 J1206-6138.A    12 06 51.49641 -61 38 56.7596 1.20 N                                                                                2.2deg sep
 J1159-6635.A    11 59 18.30543 -66 35 39.4271 0.30 N
 J1245-6458.B    12 45 02.89963 -64 58 02.0128 5.96 N

G318.948-0.196   15 00 55.40    -58 58 52.1   300.0 B  -36.3  -9.9     6.7    12.5  -9.9 -9.9 ?   0   8   7        2   7      1.36  CtN  3.4
 J1524-5903.B    15 24 51.12293 -59 03 39.7169 1.24 N                                                                                grade-C ring
 J1512-5640.A    15 12 55.81940 -56 40 30.6430 0.81 N                                                                                2.7deg sep
 J1456-5618.B    14 56 04.22204 -56 18 37.3907 1.07 N
 J1417-5950.A    14 17 41.63602 -59 50 37.6092 1.57 N
 J1511-6319.A    15 11 16.10458 -63 19 31.5513 4.22 N
 
G326.475+0.703   15 43 16.64    -54 07 14.6   300.0 B  -38.4  -9.9     6.7    13.5  -9.9 -9.9 ?   0   8  18        2  18      1.60  CtN  3.0
 J1549-5235.A    15 49 11.19481 -52 35 02.9431 2.90 N                                                                                grade-C ring
 J1534-5351.A    15 34 20.66072 -53 51 13.4227 0.50 N                                                                                1.3deg sep
 J1515-5559.A    15 15 12.67291 -55 59 32.8384 0.42 N
 J1542-5838.A    15 42 17.30882 -53 58 47.0086 15.0 U
 J1600.5811.A    16 00 12.37746 -58 11 02.9686 0.56 N

G328.237-0.547   15 57 58.28    -53 59 22.7   300.0 B  -44.7  -9.9     6.7    41.9  -9.9 -9.9 ?   0   8  21        2  20      1.69  CtN  3.0
 J1631-5256.B    16 31 07.35153 -52 56 35.7473 0.91 N                                                                                grade-B ring
 J1603-4904.A    16 03 50.68451 -49 04 05.5051 0.23 N
 J1549-5235.A    15 49 11.19481 -52 35 02.9431 2.90 N                                                                                1.9deg sep
 J1534-5351.A    15 34 20.66072 -53 51 13.4227 0.50 N
 J1600-5811.A    16 00 12.37746 -58 11 02.9686 0.56 N

G329.029-0.205   16 00 31.80    -53 12 49.6   300.0 B  -36.1  -9.9     6.7    11.1  -9.9 -9.9 ?   0   8  22        2  22      1.73  CtN  2.9
 J1631-5256.B    16 31 07.35153 -52 56 35.7473 0.91 N                                                                                grade-B ring
 J1603-4904.A    16 03 50.68451 -49 04 05.5051 0.23 N
 J1549-5235.A    15 49 11.19481 -52 35 02.9431 2.90 N                                                                                1.8deg sep
 J1534-5351.A    15 34 20.66072 -53 51 13.4227 0.50 N
 J1600-5811.A    16 00 12.37746 -58 11 02.9686 0.56 N

G332.295+2.280   16 05 41.72    -49 11 30.3   300.0 B  -23.7  -9.9     6.7    10.5  -9.9 -9.9 ?   0   8  25        2  25      1.89  CrN  1.2
 J1603-4904.A    16 03 50.68451 -49 04 05.5051 0.23 N                                                                                0.4deg sep
 J1632-4558.A    16 32 46.75592 -45 58 01.7318 0.55 C                                                                                grade-B ring
 J1555-4522.A    15 55 16.39432 -45 22 38.1513 1.25 N
 J1535-4730.A    15 35 52.24125 -47 30 22.9772 1.20 N
 J1549.5235.A    15 49 11.19481 -52 35 02.9431 2.90 N
 J1631-5256.B    16 31 07.35153 -52 56 35.7473 0.91 N

G337.920-0.456   16 41  6.05    -47 07  2.5   300.0 B  -38.6  -9.9     6.7    12.7  -9.9 -9.9 ?   0   8  31        3   3      2.28  CtN  2.7
 J1706-4600.B    16 31 07.35153 -52 56 35.7473 0.91 N                                                                                grade-B ring
 J1631-4345.A    16 31 37.93504 -43 45 25.2370 1.22 N
 J1604-4441.A    16 04 31.02074 -44 41 31.9734 0.20 C                                                                                6deg sep
 J1632-4458.A    16 32 46.75592 -45 58 01.7318 0.55 C                                                                                1.7deg sep
 J1603-4904.A    16 03 50.68451 -49 04 05.5051 0.23 N                                                                                6deg sep
 J1650-5044.A    16 50 16.62706 -50 44 48.2110 0.28 N
 
G345.010+1.792   16 56 47.58    -40 14 25.8   300.0 B  -17.0  -9.9     6.7    14.2  -9.9 -9.9 ?   0   9   6        3   9      3.02  CrN  1.3
 J1711-3744.B    17 11 20.51352 -37 44 15.8786 2.21 N                                                                                grade-B ring
 J1640-3727.B    16 40 41.08731 -37 27 27.5098 0.33 C
 J1631-4345.A    16 31 37.93504 -43 45 25.2370 1.22 N
 J1713-4257.B    17 13 48.18070 -42 57 21.2632 0.45 N
 J1717-3948.B    17 17 38.59820 -39 48 52.6156 1.62 C
 
G348.550-0.979   17 19 20.41    -39 03 51.6   300.0 B  -10.4  -9.9     6.7    10.5  -9.9 -9.9 ?   0   9   8        3  11      3.51  CrN  1.3 or CtN 2.8
 J1733-3722.A    17 33 15.19304 -37 22 32.3983 0.24 C                                                                                grade-C ring
 J1711-3744.B    17 11 20.51352 -37 44 15.8786 2.21 N
 J1717-3948.B    17 17 38.59820 -39 48 52.6156 1.62 C                                                                                0.7deg separation
 J1739-4137.C    17 39 05.50706 -41 37 44.1232 1.74 N
 check <0.1Jy
 
G352.630-1.067   17 31 13.91    -35 44  8.7   300.0 B   -3.3  -9.9     6.7    17.6  -9.9 -9.9 ?   0   9  11        3  14      4.48  CrN  1.3 Chen+2019:D=0.69+/=0.10kpc(??)
 J1802-3940.A    18 02 42.68005 -39 40 07.9083 0.13 C                                                                                linear arrangement
 J1806-3722.A    18 06 46.50819 -37 22 34.9180 0.20 C
 J1713-3418.B    17 13 09.94152 -34 18 29.4273 0.30 C
 J1709-3523.A    17 09 18.66624 -35 25 22.2057 0.31 C
 J1733-3722.A    17 33 15.19304 -37 22 32.3983 0.24 C                                                                                1.6deg sep

============================================================================================================================================================================
Don't do these

G351.417+0.645   17 20 53.37    -35 47  1.2   300.0 B   -9.7  -9.9     6.7    72.9  -9.9 -9.9 ?   0   9  10        3  13      4.19  CrN  1.3 already done N6334 region
 J1733-3722.A    17 33 15.19304 -37 22 32.3983 0.24 C                                                                                linear arrangement
 J1713-3418.B    17 13 09.94152 -34 18 29.4273 0.30 C
 J1709-3525.A    17 09 18.66624 -35 25 22.2057 0.31 C

