! Source              RA           Dec        Speak   Vlsr   Unc     Long.    Lat.       Dist.  +/-  Integrated  Arm
292.468+0.168    11 23 42.17 -60 54 33.5     4.40    10.9  0.4      292.468   0.167      7.53   1.15    1.00     CrF
299.013+0.128    12 17 24.60 -62 29  3.7     8.23    18.3  0.4      299.013   0.128      9.80   1.06    1.00     CrF
300.504-0.176    12 30  3.58 -62 56 48.7     4.11     7.5  0.4      300.504  -0.176      9.13   1.01    1.00     CrF?
311.230-0.032    14  2 27.47 -61 45 14.4     2.27    24.8  0.4      311.230  -0.032     13.20   1.13    1.00     CrF 
312.698+0.126    14 13 49.85 -61 10 24.1     1.65    29.5  0.4      312.698   0.126     14.02   1.21    1.00     CrF
313.469+0.190    14 19 40.94 -60 51 47.3    29.94    -9.3  0.4      313.469   0.190     10.63   0.92    0.68     CtF
313.994-0.084    14 24 30.78 -60 56 28.3    15.03    -4.9  0.4      313.994  -0.084     11.07   0.97    0.68     CtF
320.424+0.089    15  9 41.56 -58  0 29.2     2.00    -8.0  0.4      320.424   0.089     12.09   0.87    0.72     CtF
320.780+0.248    15 11 23.48 -57 41 25.1    34.92    -5.1  0.4      320.780   0.248     12.48   0.81    0.70     CtF
324.915+0.158    15 36 51.17 -55 29 22.9     8.99    -2.3  0.4      324.915   0.158     13.40   0.92    0.75     CtF
328.385+0.131    15 55 47.33 -53 22 30.8     1.60    29.0  0.4      328.385   0.131     17.72   1.73    1.00     CrF
329.610+0.114    16  2  3.14 -52 35 33.5    44.31   -60.1  0.4      329.610   0.113      9.81   1.34    0.52     N4F
337.705-0.053    16 38 29.63 -47  0 35.5   171.00   -54.6  0.4      337.705  -0.053     10.76   1.36    0.55     N4F
339.477+0.043    16 44 50.98 -45 36 56.1     2.80    -9.7  0.4      339.477   0.043     14.42   0.94    0.48     ...
340.785-0.096    16 50 14.84 -44 42 26.3   158.00  -105.1  0.4      340.785  -0.096      8.28   2.21    1.00     3kN
342.368+0.140    16 54 49.15 -43 20  3.6     3.50    -5.6  0.4      342.368   0.140     15.19   1.16    0.49     ...
342.954-0.019    16 57 30.66 -42 58 34.8     2.00    -4.1  0.4      342.954  -0.019     15.11   1.20    0.54     ...
343.929+0.125    17  0 10.91 -42  7 19.3     9.00    14.5  0.4      343.930   0.125     19.14   2.51    0.91     CrF
344.581-0.024    17  2 57.71 -41 41 53.8     3.50     1.6  0.4      344.581  -0.024     16.00   1.54    0.80     CtF
345.198-0.030    17  4 59.49 -41 12 45.7     2.53    -0.6  0.4      345.198  -0.030     15.64   1.47    0.58     ...
345.441+0.205    17  4 46.87 -40 52 38.0     2.27     0.9  0.4      345.441   0.205     16.45   1.43    0.61     CtF
346.036+0.048    17  7 20.02 -40 29 49.0     8.99    -6.4  0.4      346.036   0.048     14.98   1.27    0.44     ...
346.481+0.132    17  8 22.72 -40  5 25.6     2.10    -5.6  0.4      346.481   0.132     15.35   1.34    0.46     ...
346.522+0.085    17  8 42.29 -40  5  7.8     1.90     5.7  0.4      346.522   0.085     17.14   2.04    0.77     CtF
348.723-0.078    17 16  4.77 -38 24  8.8     2.58    11.5  0.4      348.723  -0.078     19.63   3.61    0.87     CrF
348.892-0.180    17 17  0.23 -38 19 28.9     2.70     1.5  0.4      348.892  -0.180     16.79   1.98    0.63     CtF
349.067-0.017    17 16 50.74 -38  5 14.3     2.30    11.6  0.4      349.067  -0.017     19.86   3.74    0.82     CrF
349.151+0.021    17 16 55.88 -37 59 47.9     3.36    14.6  0.4      349.151   0.021     21.23   4.00    0.85     ...
349.884+0.231    17 18 12.37 -37 16 40.0     6.96    16.2  0.4      349.884   0.231     22.01   3.78    0.81     ...
350.116+0.220    17 18 55.11 -37  5 38.1     2.78     4.2  0.4      350.116   0.220     17.67   0.61    0.62     CtF
350.470+0.029    17 20 43.24 -36 54 46.6     1.44    -6.3  0.4      350.470   0.029     14.39   0.42    0.47     N4F
354.308-0.110    17 31 48.56 -33 48 29.1     3.44    18.7  0.4      354.308  -0.110     11.05   0.28    0.42     3kF??
354.496+0.083    17 31 31.77 -33 32 44.0     8.41    26.9  0.4      354.496   0.083     11.08   0.28    0.64     3kF??
355.344+0.147    17 33 29.06 -32 47 58.9    10.17    19.9  0.4      355.344   0.147     11.10   0.27    0.54     3kF??
355.346+0.149    17 33 28.91 -32 47 49.5     7.39     9.9  0.4      355.346   0.149     18.18   0.62    0.27     CtF??
357.967-0.163    17 41 20.26 -30 45  6.9    47.50    -4.2  0.4      357.967  -0.163     12.05   4.94    0.47     SgF
358.721-0.126    17 43  2.31 -30  5 29.9     2.99    10.5  0.4      358.722  -0.126     12.65   0.30    0.43     SgF
359.138+0.031    17 43 25.67 -29 39 17.3    15.42    -3.9  0.4      359.138   0.031     13.35   0.32    0.36     Per
359.615-0.243    17 45 39.09 -29 23 30.0    38.62    22.6  0.4      359.615  -0.243      8.04   2.26    0.42     ...
359.938+0.170    17 44 48.55 -28 53 59.4     2.34    -0.5  0.4      359.938   0.170     12.66   0.28    0.27     SgF
000.496+0.188    17 46  3.96 -28 24 52.8    24.51     0.8  0.4        0.496   0.188     11.64   4.82    0.49     ...
000.836+0.184    17 46 52.86 -28  7 34.8     6.64     3.6  0.4        0.836   0.184      7.04   4.10    0.31     ...
001.147-0.124    17 48 48.53 -28  1 11.2     3.01   -15.3  0.4        1.147  -0.124     12.75   0.57    0.39     SgF
001.329+0.150    17 48 10.31 -27 43 20.7     2.08   -12.0  0.4        1.329   0.150     10.44   4.55    0.39     ...
001.719-0.088    17 49 59.84 -27 30 36.9     7.82    -8.0  0.4        1.719  -0.088     18.55   9.97    0.66     OSC??
002.591-0.029    17 51 46.69 -26 43 51.2     1.76    -8.2  0.4        2.591  -0.029     18.60   8.60    0.58     OSC??
003.253+0.018    17 53  5.96 -26  8 13.0     3.54     2.2  0.4        3.253   0.018     13.56   0.33    0.31     Per
004.393+0.079    17 55 25.77 -25  7 23.6     6.74     2.0  0.4        4.393   0.079     17.18   2.61    0.23     ...
004.434+0.129    17 55 19.74 -25  3 44.8     3.29    -0.9  0.4        4.434   0.129     18.44   1.69    0.22     OSC
005.618-0.082    17 58 44.78 -24  8 40.1     3.37   -27.0  0.4        5.618  -0.082     12.23   0.90    0.34     ...??
006.588-0.192    18  1 16.09 -23 21 27.3     8.01     5.0  0.4        6.588  -0.192     13.19   0.83    0.26     SgF
006.610-0.082    18  0 54.03 -23 17  3.1    23.40     0.8  0.4        6.610  -0.082     15.48   0.44    0.23     Out
006.881+0.093    18  0 49.38 -22 57 42.6     3.12    -2.1  0.4        6.881   0.093     13.09   1.00    0.27     SgF
008.832-0.028    18  5 25.67 -21 19 25.1   159.08    -3.8  0.4        8.832  -0.028     18.38   1.81    0.31     OSC
010.287-0.125    18  8 49.36 -20  5 59.0     7.19     4.5  0.4       10.287  -0.125     14.34   2.36    0.43     Per
014.521+0.155    18 16 20.73 -16 15  5.5     1.40     4.1  0.4       14.521   0.155     16.01   2.15    0.30     Out
020.081-0.135    18 28 10.32 -11 28 47.6     1.70    43.5  0.4       20.081  -0.135     11.90   0.33    0.47     SgF
020.963-0.075    18 29 37.34 -10 40 12.6     2.20    34.6  0.4       20.963  -0.075     11.84   0.34    0.52     SgF
021.023-0.063    18 29 41.55 -10 36 42.3     2.20    31.1  0.4       21.023  -0.063     11.83   0.34    0.43     SgF
021.562-0.033    18 30 36.07 -10  7 10.9    13.00   117.2  0.4       21.563  -0.033      8.66   0.76    1.00     3kF
021.880+0.014    18 31  1.75 -09 49  0.5     5.50    20.3  0.4       21.880   0.014     13.21   0.37    0.69     Per 
022.335-0.155    18 32 29.41 -09 29 29.7    37.60    35.6  0.4       22.335  -0.155     11.67   0.34    0.55     SgF
023.885+0.060    18 34 36.84 -08  1  0.7     1.90    45.0  0.4       23.885   0.060     11.55   0.37    0.47     SgF
023.996-0.100    18 35 23.49 -07 59 29.8     1.70    68.2  0.4       23.996  -0.100      9.66   1.54    0.38     ScF
024.148-0.009    18 35 20.94 -07 48 55.7    41.90    17.4  0.4       24.148  -0.009     11.03   3.71    0.32     SgF
024.943+0.074    18 36 31.56 -07  4 16.8     1.70    46.6  0.4       24.943   0.074     11.29   0.29    0.42     SgF
026.598-0.024    18 39 55.93 -05 38 44.6    11.60    24.9  0.4       26.598  -0.024     12.77   0.33    0.63     Per
027.286+0.151    18 40 34.51 -04 57 14.4    32.40    34.8  0.4       27.286   0.151     12.56   0.34    0.39     Per
027.365-0.166    18 41 51.06 -05  1 43.5    31.80    99.8  0.4       27.365  -0.166      8.44   0.48    0.54     ScF
027.500+0.107    18 41  7.38 -04 47  2.3     1.50    87.3  0.4       27.500   0.107      8.45   0.55    0.56     ScF
027.784+0.057    18 41 49.58 -04 33 13.8     2.20   111.8  0.4       27.785   0.057      8.36   0.48    0.56     ScF
028.321-0.011    18 43  3.11 -04  6 26.4     2.40   104.8  0.4       28.321  -0.011      8.09   0.68    1.00     ScF
028.523+0.127    18 42 55.89 -03 51 55.4     1.50    39.6  0.4       28.523   0.127     12.54   0.35    0.55     Per
028.532+0.129    18 42 56.50 -03 51 21.6     1.50    27.0  0.4       28.532   0.129     10.84   0.36    0.34     SgF
029.320-0.162    18 45 25.16 -03 17 16.9     3.60    48.9  0.4       29.320  -0.162     10.64   0.37    0.59     SgF
030.589-0.043    18 47 18.86 -02  6 17.2     5.90    43.0  0.4       30.589  -0.043     10.40   0.33    0.70     SgF
030.780+0.230    18 46 41.52 -01 48 37.1    44.10    48.9  0.4       30.780   0.230     10.52   0.39    0.60     SgF
031.122+0.063    18 47 54.68 -01 34 56.9     2.20    48.0  0.4       31.122   0.063     10.36   0.37    0.79     SgF
031.158+0.046    18 48  2.40 -01 33 26.8     1.80    41.1  0.4       31.159   0.046     10.38   0.38    0.59     SgF
031.182-0.148    18 48 46.41 -01 37 28.1     2.00    46.3  0.4       31.183  -0.148     10.28   0.30    0.56     SgF
032.744-0.075    18 51 21.87 -00 12  5.0    56.80    38.5  0.4       32.744  -0.075     10.07   0.44    0.46     SgF
