maser  year   doy    start dur
                      (UT) (hr)
-------------------------------
# s003

g287   2023   139     5.00  10
g287   2023   153     4.00  10
g287   2023   167     3.00  10

# start here
g287   2023   321    17.00  10 *
g287   2023   328    16.50  10 *
g287   2023   342    15.50  10 *

g287   2024   139     5.00  10 *
g287   2024   146     4.30  10 *
g287   2024   153     4.00  10 *
g287   2024   160     3.30  10 *
g287   2024   167     3.00  10 *

g287   2024   321    17.00  10 
g287   2023   328    16.50  10 
g287   2024   342    15.50  10 
-------------------------------
# s014

g291   2023   146     4.75  10
g291   2023   160     4.00  10
g291   2023   174     3.00  10

# start here
g291   2024   335    16.50  10 *
g291   2024   342    16.00  10 *
g291   2024   349    15.50  10 *

g291   2024   146     5.00  10 *
g291   2024   153     4.30  10 *
g291   2024   160     4.00  10 *
g291   2024   167     3.30  10 *
g291   2024   174     3.00  10 *

g291   2024   335    16.50  10 
g291   2024   342    16.00  10 
g291   2024   349    15.50  10 
-------------------------------
# s015

g299   2023   166     4.75  10
g299   2023   180     3.75  10
g299   2023   194     3.00  10

# start here
g299   2023   355    16.25  10 *
g299   2023   362    15.75  10 *
g299   2024   4      15.25  10 *

g299   2024   159     5.25  10 *
g299   2024   166     4.75  10
g299   2024   180     3.75  10
g299   2024   194     3.00  10
g299   2024   201     2.30  10

g299   2024   355    16.25  10 
g299   2024   362    15.75  10 
g299   2025   4      15.25  10 

-------------------------------
# s025

g305   2024   177     4.75  10
g305   2025   191     4.00  10
g305   2025   205     3.00  10

# start here ?
g305   2023   360    16.75  10
g305   2024   9      15.75  10
g305   2024   23     15.00  10

g305   2024   177     5.00  10
g305   2024   185     4.30  10
g305   2024   191     4.00  10
g305   2024   198     3.30  10
g305   2024   205     3.00  10

g305   2024   360    16.75  10
g305   2025   9      15.75  10
g305   2025   23     15.00  10

-------------------------------
# s026

g323   2025   213     4.75  10
g323   2024   227     3.75  10
g323   2024   241     3.00  10

g323   2024   32     16.50  10
g323   2024   39     16.25  10
g323   2024   46     15.75  10
g323   2024   53     15.25  10
g323   2024   60     14.75  10

g323   2025   213     4.75  10
g323   2025   227     3.75  10
g323   2025   241     3.00  10
-------------------------------
# s027

g329   2023   222     4.75  10
g329   2023   236     3.75  10
g329   2023   250     2.75  10

g329   2024   41     16.50  10
g329   2024   48     16.25  10
g329   2024   55     15.75  10
g329   2024   62     15.25  10
g329   2024   69     14.75  10

g329   2024   222     4.75  10
g329   2024   236     3.75  10
g329   2024   250     3.00  10
-------------------------------
# s028

g331   2023   223     4.75  10
g331   2023   237     3.75  10
g331   2023   251     3.00  10

g331   2024   42     16.75  10
g331   2024   49     16.25  10
g331   2024   56     15.75  10
g331   2024   63     15.25  10
g331   2024   70     14.75  10

g331   2024   223     4.75  10
g331   2024   237     4.00  10
g331   2024   251     3.00  10
-------------------------------
# s021

g337   2023   225     5.25  10
g337   2023   239     4.25  10
g337   2023   253     3.25  10

g337   2024   44     17.00  10
g337   2024   51     16.50  10
g337   2024   58     16.00  10
g337   2024   65     15.75  10
g337   2024   72     15.25  10

g337   2024   225     5.25  10
g337   2024   239     4.25  10
g337   2024   253     3.25  10
-------------------------------
# s029

g338   2023   231     4.75  10
g338   2023   245     3.75  10
g338   2023   259     3.00  10

g338   2024   50     16.50  10
g338   2024   57     16.25  10
g338   2024   64     15.75  10
g338   2024   71     15.25  10
g338   2024   78     14.75  10

g338   2024   231     4.75  10
g338   2024   245     3.75  10
g338   2024   259     3.00  10
-------------------------------
